14580
11829
27226
277468
170790
13371
108052
107747
64385
11676
50500
94180
83453
212539
54403
20511
71803
20512
14066
76487
106648
57265
17289
22350
232146
14623
12950
71137
23972
57738
53412
142980
329910
98660
12167
19125
14634
192216
26941
107869
18217
53896
22329
14184
67896
12496
73649
329828
21923
68385
13609
12411
229534
14813
319521
76187
11606
104174
11988
14609
27273
13649
20682
58187
18802
15904
14261
13731
74365
56213
56615
21835
15483
243914
16419
72168
26362
11541
109857
74318
13850
26457
69239
219151
56448
102644
69453
73040
21907
30794
71738
12494
16206
70673
223646
106869
71584
18682
14862
58175
26874
17926
16816
15208
20971
102294
98267
56741
72514
13797
77125
71973
114644
81879
67122
237625
20887
15903
118452
54156
68738
242702
11816
192199
20341
26377
319865
29820
94090
13123
20317
237831
18508
320452
20342
11668
216739
20652
71760
53320
17304
68607
108069
17035
17387
66277
13406
12609
54326
17986
65973
56188
226075
226781
27494
11761
75216
55963
228966
69219
75541
14726
14221
74114
14230
230904
12759
21828
209268
