11922
237213
18133
77630
20491
12918
14406
15560
195646
105853
329160
69352
20257
110886
67405
14394
212712
64378
20979
14544
17933
140919
402733
225872
12307
57138
13841
22353
17260
20606
23964
18549
20614
20254
70974
239318
13390
26950
20983
18183
110876
15898
382571
12424
381677
243339
12326
65973
77524
240332
257882
70375
17919
338352
18040
18039
22139
76161
12564
64176
14432
237553
52897
12323
18619
19736
16956
12287
268345
69480
16728
64085
17957
13056
13052
15444
245684
382018
17263
67445
12404
108013
228543
13638
50786
225642
66042
20907
268859
12484
16536
14025
15569
18164
20604
100044236
13807
319807
140904
72097
214791
67498
76183
232975
12716
229791
17954
13446
12721
22045
22348
14702
20974
231290
16826
269774
20191
50934
80883
238988
78203
20713
235604
57780
12569
20348
94229
239157
241514
73340
72821
320429
319713
213054
78593
18012
21334
69642
170571
230085
14738
23969
58208
14415
20346
327814
20541
73010
215821
12395
14586
19272
320707
239405
70727
13655
244810
20312
12933
20265
69754
170638
319586
228942
14077
56421
21375
13837
545156
18191
13426
140741
20977
75668
18205
229759
214230
94253
11519
381813
320227
432530
109593
229706
238266
210801
228550
12540
20745
19417
68203
14617
16539
14402
380928
12936
22342
74020
13803
18752
636791
246316
29859
16497
20452
353123
20965
269846
223726
59058
235281
14180
20617
20527
245555
19699
23984
20646
12426
19085
80982
320116
56089
12294
64011
232370
100072
56526
12565
15551
20315
20450
210108
241919
108073
269109
20301
17179
18546
75745
68566
103098
12653
23934
116731
18197
110197
226922
20269
319415
225743
11423
211739
80334
22152
16492
50875
320492
12889
74100
241447
104886
67295
240726
12942
16392
11513
12823
83766
15572
246317
225288
320924
12308
14226
14810
78771
330941
13199
13829
320926
72003
320320
81906
217882
18162
18232
12310
56177
108655
170677
